6000397
6003629
6005815
6007246
6007265
6007332
6007554
6007904
6007946
6008915
6009827
6010468
6011976
6019457
6023207
6025653
6027542
6029344
6030676
6033138
6033985
6034309
6036186
6036566
6040601
6040642
6041083
6041587
6042544
6043910
6043956
6044093
6045270
6045674
6046670
6048956
6051411
6051678
6054728
6056063
6057170
6057333
6058053
6058058
6058494
6060630
6061928
6061933
6062779
6063007
6063211
6063450
6063627
6065472
6065614
6065805
6065808
6068621
6069132
6069754
6069970
6070074
6070918
6071992
6073478
6073751
6076073
6076253
6076528
6077140
6077647
6077980
6078299
6079648
6080033
6080120
6080151
6083315
6085190
6085191
6087289
6092042
6094607
6094793
6094970
6096268
6098646
6098875
6099745
6100105
6100159
6101129
6101424
6102670
6103654
6103764
6103815
6103907
6105494
6107543
6107902
6108605
6112634
6116622
6116682
6117149
6117180
6117723
6120288
6122357
6122649
6122810
6122845
6123911
6124125
6125460
6125642
6125948
6125987
6126056
6126219
6127416
6127627
6127717
6127876
6128973
6128979
6128999
6129053
6129146
6131588
6132132
6134972
6135014
6135163
6136011
6136640
6139910
6139928
6143637
6143785
6144036
6144342
6145076
6145632
6148101
6148185
6149063
6149538
6150118
6151380
6154065
6154136
6155111
6155472
6156750
6156940
6157163
6157164
6157173
6157191
6158069
6158472
6159291
6160437
6163924
6165399
6169221
6170370
6172005
6173301
6175478
6175791
6178946
6179659
6179991
6180135
6181280
6181755
6181953
6183386
6184815
6185515
6186511
6186580
6186613
6186631
6188201
6189220
6189493
6190435
6190452
6190555
6193138
6197063
6197189
6198428
6198467
6198602
6199268
6199703
6199789
6200847
6201289
6206126
6206418
6207542
6207557
6208757
6209299
6209986
6210060
6210986
6211443
6211468
6211600
6211675
6212327
6212597
6212605
6212673
6213131
6213259
6213326
6213547
6215553
6215889
6216038
6216123
6216129
6217138
6217610
6220120
6220230
6220825
6220853
6222203
6225051
6225615
6225676
6225700
6225719
6229106
6229145
6230553
6230705
6230745
6232408
6234029
6234245
6234362
6234641
6235785
6238184
6239359
6240123
6240504
6241638
6241694
6241753
6241954
6243882
6243896
6244254
6245007
6250960
6251154
6252066
6255291
6260187
6261737
6261957
6265182
6268993
6269070
6269740
6269852
6270170
6275747
6277959
6278087
6278266
6281010
6281308
6283599
6283848
6284797
6284806
6285265
6285453
6285659
6285684
6286398
6288809
6288900
6289396
6290218
6290309
6290875
6293134
6294509
6295529
6296040
6298634
6298764
6299873
6300242
6300363
6300375
6300510
6300675
6301342
6301679
6302390
6303671
6305289
6305344
6307556
6307942
6307994
6310305
6310905
6310929
6311910
6313880
6316332
6316408
6317142
6317202
6317351
6317462
6318231
6318402
6319030
6319225
6321397
6321480
6325630
6327101
6327503
6329185
6331469
6332181
6332227
6333307
6333479
6334863
6334963
6337138
6340063
6341119
6341995
6342078
6343392
6343627
6343985
6345085
6345132
6345618
6345674
6346434
6347289
6348601
6350747
6351333
6352484
6352670
6352731
6354798
6354935
6354954
6355089
6355474
6356569
6356782
6356889
6357146
6357829
6357893
6358482
6359050
6359103
6359123
6359202
6359236
6360689
6361495
6361499
6361612
6362182
6362296
6362598
6362824
6363793
6365468
6366117
6368014
6368094
6368393
6368905
6369098
6369330
6370641
6372401
6372454
6373931
6375482
6375593
6376090
6376247
6376508
6379790
6381851
6382319
6382979
6384157
6384305
6385024
6385129
6385972
6386123
6386143
6387462
6389375
6391705
6391734
6392157
6395439
6395833
6399858
6400407
6401576
6402795
6403349
6405341
6407597
6409173
6409210
6409641
6410888
6411591
6412805
6412942
6413493
6415561
6415709
6415986
6416245
6417221
6417284
6418123
6418794
6419707
6419988
6421226
6421291
6421344
6422275
6422589
6423499
6425984
6428100
6428144
6430555
6430804
6431348
6431408
6432012
6432613
6432631
6432789
6433550
6433723
6433868
6436433
6438338
6439447
6439833
6440066
6440369
6442702
6443174
6443208
6443222
6443429
6444245
6444441
6445752
6447996
6448594
6448745
6449864
6450074
6451737
6452479
6452928
6453255
6454072
6454496
6454579
6455428
6456727
6458250
6459790
6460576
6460604
6460672
6460827
6462366
6463070
6463362
6464570
6466900
6467164
6468953
6469718
6470731
6471247
6471609
6471812
6471847
6474142
6474318
6474365
6475444
6476232
6476420
6476674
6477946
6478099
6478503
6478565
6481376
6481434
6481435
6481438
6482092
6482328
6483109
6483388
6483483
6483880
6485265
6485397
6485432
6487898
6488022
6490752
6491165
6492475
6493443
6494117
6495557
6495824
6498964
6501464
6503802
6503907
6503910
6504538
6505544
6506699
6507034
6508788
6509142
6510284
6511256
6511380
6511391
6515226
6516924
6517086
6517511
6517570
6517609
6517707
6518943
6519125
6520206
6520428
6521658
6522859
6523011
6523510
6524413
6525475
6526258
6527416
6527612
6528864
6535165
6540656
6541115
6542681
6542732
6542951
6542974
6544101
6544315
6544326
6544485
6546327
6546930
6546984
6547008
6547869
6548869
6549038
6550315
6551409
6551419
6551636
6552312
6553422
6553456
6554400
6554509
6557948
6558011
6558495
6558655
6558858
6559306
6559335
6559342
6559356
6560356
6560383
6560435
6561022
6562613
6563452
6566124
6566271
6566316
6571735
6573001
6573123
6573247
6575192
6576108
6578273
6578311
6578694
6579968
6580061
6580067
6580983
6583121
6583141
6583610
6583889
6585334
6586551
6586586
6588077
6588342
6589406
6590121
6591074
6591755
6591849
6591923
6591960
6592550
6593707
6595321
6595552
6595883
6595897
6595944
6596220
6598378
6600305
6600843
6601074
6602228
6602359
6604235
6605095
6607138
6608892
6609775
6610140
6610697
6610991
6611435
6612342
6613496
6617583
6617690
6617983
6617991
6618937
6619135
6619499
6620272
6620299
6622876
6622954
6623909
6624181
6626073
6626927
6626971
6628228
6628797
6628895
6631295
6631393
6631507
6631512
6632639
6634353
6636956
6636977
6637043
6638831
6638890
6639033
6639126
6641009
6643437
6644850
6645344
6645486
6647661
6648458
6650779
6651813
6651915
6652507
6652594
6653825
6658057
6658292
6659108
6660680
6660709
6660771
6661184
6661191
6662284
6662454
6663166
6663302
6665186
6665782
6665953
6665978
6666171
6666182
6667795
6669535
6669568
6669587
6669628
6671400
6671503
6671509
6671839
6671916
6672268
6672458
6673216
6673650
6674054
6674853
6674862
6675018
6676785
6677274
6678446
6678631
6679132
6679422
6680286
6682466
6682826
6682895
6683512
6685684
6685687
6687067
6687431
6687725
6687732
6687767
6687807
6688237
6689022
6690509
6691313
6691979
6692407
6692483
6692659
6694625
6694803
6695304
6697698
6698165
6699418
6701946
6702142
6702934
6703284
6704165
6704366
6704440
6706708
6708281
6708627
6715855
6715968
6716129
6720322
6721382
6721419
6721605
6722226
6722367
6723717
6725708
6726714
6726785
6728247
6728399
6728500
6728621
6731143
6731208
6732002
6732149
6732267
6733413
6733469
6735788
6737086
6737298
6740510
6740577
6741094
6741723
6744047
6744237
6745893
6745953
6749405
6749705
6750586
6750659
6750759
6750883
6752235
6752242
6752267
6752325
6752504
6752700
6752898
6752946
6753013
6753042
6755298
6755719
6756010
6756321
6756370
6758155
6758677
6758759
6761323
6766257
6767132
6768034
6769175
6770369
6770425
6771915
6772037
6772047
6773159
6774127
6774342
6774507
6775598
6776927
6777067
6777080
6777160
6781147
6781289
6781323
6782665
6783031
6785494
6789632
6789636
6791844
6791866
6792704
6793808
6794124
6796720
6796873
6797865
6797896
6800309
6802795
6803912
6806809
6807436
6807525
6807802
6807894
6808002
6808953
6809087
6809096
6809132
6809390
6809486
6809592
6810949
6813070
6813131
6813265
6813831
6816553
6816761
6819084
6820617
6820634
6821776
6822022
6823078
6823182
6825274
6832367
6836987
6838679
6838782
6839345
6839466
6841386
6841443
6842578
6842713
6844205
6846470
6847664
6848701
6849500
6851639
6851753
6851816
6851843
6853159
6853621
6855554
6856808
6857061
6858254
6859089
6859789
6860866
6862572
6862579
6862882
6866042
6866211
6869338
6870009
6872286
6873314
6875341
6875549
6876920
6877188
6878893
6878982
6879509
6883241
6885029
6885211
6885876
6885901
6885938
6886668
6887541
6889932
6892930
6893024
6894138
6894178
6894463
6896997
6897805
6900411
6903931
6904402
6905534
6905754
6908251
6910030
6912361
6912525
6916293
6917554
6918491
6918601
6922768
6924973
6927942
6928043
6929028
6930737
6930906
6934429
6935862
6935922
6936219
6936554
6938838
6939159
6939497
6940876
6942278
6942616
6942757
6943184
6944301
6944366
6945646
6947393
6949687
6950715
6952034
6954306
6954581
6956730
6958388
6963159
6963468
6966887
6969927
6970303
6974390
6974452
6974886
6975175
6977267
6977298
6977805
6978791
6979565
6980464
6980500
6980614
6981262
6982064
6982197
6982457
6982630
6983638
6984093
6985624
6985935
6986627
6987377
6988395
6988435
6988664
6988776
6988824
6989355
6989381
6990117
6990205
6990414
6990769
6991097
6991212
6991603
6992843
6992910
6992944
6995121
6998480
6999442
7001270
7002153
7002200
7002665
7003387
7004628
7005805
7009225
7009228
7010951
7012752
7012799
7013869
7014079
7015748
7015891
7017657
7018843
7019103
7019247
7020553
7022115
7022249
7022266
7024078
7024343
7025134
7025714
7028488
7028538
7028649
7030488
7030516
7031057
7031155
7033404
7033764
7035579
7035999
7037626
7038999
7039524
7040388
7041139
7041604
7044118
7044940
7047201
7047451
7048235
7051885
7054919
7057446
7059579
7059589
7059770
7059894
7060045
7060273
7061028
7062391
7062600
7063458
7064637
7064657
7066712
7068165
7069528
7072884
7072969
7073927
7075187
7075640
7076438
7076755
7077729
7078743
7079021
7079131
7079226
7081271
7082712
7084101
7084401
7085642
7087021
7089054
7089467
7089833
7089863
7090146
7092317
7092324
7093840
7095469
7095765
7096773
7096822
7096871
7097755
7099095
7099330
7099352
7099524
7100782
7103271
7103490
7104434
7105784
7107013
7109273
7109445
7110520
7111289
7112560
7112782
7112814
7113130
7113371
7113405
7114740
7117016
7117234
7119805
7119854
7120107
7120933
7122827
7124027
7124229
7124712
7125059
7126592
7129192
7129201
7129260
7129276
7129483
7130029
7130069
7130187
7131463
7131596
7133707
7133871
7135248
7135619
7136229
7137970
7139054
7141250
7142473
7142717
7143161
7144490
7148584
7148721
7150738
7151144
7151503
7151632
7151684
7151719
7151905
7152073
7153798
7155246
7156687
7157361
7160718
7172224
7173694
7173883
7174728
7176961
7183537
7184921
7184954
7186283
7187575
7188965
7189205
7189359
7190487
7190648
7191499
7191567
7191593
7192988
7193538
7193569
7193608
7193887
7193957
7194101
7195500
7197448
7198012
7198929
7199253
7199328
7199758
7199789
7200913
7200925
7201136
7201176
7201283
7202596
7203099
7204556
7206060
7207052
7208061
7208491
7208572
7208706
7209477
7209696
7211437
7214073
7216062
7216119
7219067
7219733
7220739
7221465
7221772
7221779
7222915
7224400
7225671
7226583
7232404
7232508
7235160
7236472
7236576
7237356
7237366
7237485
7238707
7239079
7240015
7240308
7241112
7245004
7245441
7246214
7248870
7248978
7249065
7251334
7252879
7254781
7257483
7258091
7260554
7260745
7262535
7262551
7262572
7262756
7263975
7265390
7265490
7267519
7268448
7271317
7271626
7273452
7273484
7273536
7276290
7277456
7277699
7279871
7279981
7280918
7282312
7284789
7286200
7286787
7288243
7288597
7289306
7289378
7289457
7290479
7290574
7291137
7291294
7292427
7292476
7296644
7297374
7297932
7299526
7299765
7299967
7300875
7300895
7301273
7301582
7301701
7302703
7302725
7304247
7304277
7305275
7305941
7305982
7305992
7306167
7306271
7307233
7307378
7307444
7308185
7308215
7309138
7309598
7311850
7312118
7312393
7313665
7313790
7313822
7314284
7314447
7314450
7314579
7315203
7316225
7316913
7317206
7317453
7320042
7320250
7320347
7320623
7320736
7322130
7322392
7322458
7324441
7324543
7326183
7326413
7327087
7327351
7327794
7329296
7330032
7330177
7330466
7330751
7332961
7333350
7333384
7334516
7334637
7335092
7335203
7337380
7337534
7337891
7338245
7338280
7341281
7342927
7343073
7343558
7343632
7344823
7345012
7345201
7345255
7345408
7345535
7346027
7346237
7347645
7348414
7348537
7351466
7351621
7351938
7352712
7354631
7354887
7355039
7355061
7355107
7355156
7355758
7356220
7356959
7358339
7358353
7359791
7363735
7365970
7365982
7366612
7367954
7368071
7368230
7369159
7369590
7369766
7372081
7373268
7373318
7376506
7378470
7378539
7378554
7378585
7379351
7380021
7380459
7380571
7381294
7381494
7381626
7382116
7383446
7383478
7384439
7384668
7384691
7385798
7385959
7386230
7387023
7388050
7388057
7388175
7388271
7388327
7389462
7390607
7391612
7391627
7392991
7394730
7394863
7394920
7400049
7400390
7400686
7400813
7401090
7403880
7406726
7406803
7408068
7408206
7408720
7409151
7409639
7409744
7410321
7410628
7410633
7412651
7413382
7416308
7418486
7419581
7419669
7419985
7420043
7420077
7421713
7422903
7423109
7423260
7424221
7424430
7424931
7427414
7427415
7428318
7429412
7432924
7437810
7443137
7444887
7449017
7449263
7449826
7449989
7450093
7450468
7452409
7452760
7452784
7454129
7454229
7454266
7454504
7455291
7457306
7457307
7457728
7458655
7459004
7459904
7460109
7461814
7462073
7466076
7466846
7468215
7469435
7471848
7471937
7472043
7472911
7472950
7473022
7475210
7476513
7478114
7478920
7481311
7481357
7481798
7485148
7486516
7488490
7488571
7489317
7489492
7490378
7491672
7493126
7496473
7496514
7496778
7496940
7498874
7499038
7501136
7501280
7501292
7502867
7502972
7503077
7503390
7503400
7503925
7504378
7505942
7507021
7507080
7507730
7507820
7509877
7510042
7511291
7511338
7513916
7514596
7516870
7517162
7517510
7517563
7522290
7522481
7526300
7527651
7527729
7527957
7528102
7529060
7530630
7532935
7534288
7534314
7538183
7539991
7540974
7542393
7544118
7545340
7547400
7548357
7550283
7550421
7550723
7551949
7551965
7552982
7553808
7554941
7556001
7556618
7559057
7559811
7561323
7563564
7563853
7564555
7564946
7565135
7565200
7565555
7566293
7567449
7567715
7568418
7568442
7568694
7568712
7569108
7569342
7569357
7569996
7570206
7570315
7571319
7571457
7577461
7577495
7579741
7581374
7581902
7584918
7587911
7589489
7589665
7589726
7590914
7591125
7594495
7595744
7596451
7596521
7597987
7597988
7598000
7598114
7599290
7599445
7599513
7600716
7600761
7603299
7603962
7604589
7604618
7604763
7604775
7604786
7608083
7610693
7611042
7612289
7612316
7612389
7612494
7613061
7613082
7614506
7614626
7614748
7614888
7616259
7616401
7616856
7618217
7618909
7620134
7620248
7620422
7621415
7622477
7622835
7622989
7623039
7623091
7623968
7628151
7631157
7631977
7635061
7635176
7635203
7635415
7636505
7636694
7636830
7638756
7639517
7640702
7640875
7642599
7642964
7643131
7644298
7645481
7647163
7647508
7647745
7648036
7648508
7649317
7651901
7653572
7654282
7657605
7659315
7659463
7660212
7661464
7662341
7662365
7662556
7662822
7662968
7663741
7664719
7666801
7666963
7667083
7667381
7667411
7668671
7669994
7670028
7670047
7670104
7671324
7671353
7673824
7674238
7675211
7676136
7676763
7676945
7678788
7678951
7680138
7680255
7681272
7681381
7683011
7683111
7683190
7683191
7683611
7685134
7686027
7686102
7686167
7686219
7687471
7687487
7690963
7694292
7694995
7696809
7697387
7697396
7697693
7698809
7700796
7701068
7703090
7703325
7703430
7704663
7704666
7704777
7704936
7706364
7706451
7708119
7708194
7708591
7708829
7708929
7709910
7709971
7710011
7710064
7710336
7710439
7714579
7719068
7719232
7719692
7721226
7721439
7723965
7724083
7724713
7725339
7725451
7728477
7729611
7729728
7729890
7730105
7730157
7730265
7730388
7731023
7731047
7732370
7732604
7732672
7732752
7733195
7734259
7734603
7735265
7735569
7737547
7738698
7738919
7738928
7739246
7739255
7740094
7740105
7740242
7740425
7740471
7740626
7740724
7741682
7741904
7747303
7750418
7750777
7750983
7751235
7751247
7754310
7755614
7755888
7757603
7758179
7760216
7761410
7761564
7761926
7762036
7762069
7763163
7765011
7766556
7766924
7768502
7769733
7769801
7771095
7771249
7771264
7771974
7772429
7772496
7772574
7772608
7773206
7773304
7773376
7774367
7774537
7774778
7775061
7775106
7775255
7775310
7778697
7780106
7783196
7783352
7783413
7783691
7784430
7784527
7787230
7787236
7787767
7788102
7789352
7789469
7790787
7791372
7792717
7792744
7794674
7795425
7798032
7798167
7799116
7799426
7799608
7800861
7802168
7803901
7804434
7805738
7806524
7806601
7806744
7806941
7806994
7808337
7808561
7809111
7809343
7809393
7810443
7810756
7811670
7812816
7814244
7817182
7817242
7817255
7818378
7821421
7823242
7824240
7829795
7830673
7830760
7830913
7831300
7832049
7832055
7833717
7835468
7835597
7836806
7836889
7837917
7838041
7841934
7843071
7844565
7844788
7844918
7845170
7845191
7850550
7852126
7853098
7853345
7855108
7855460
7856930
7857029
7857050
7857177
7857229
7860863
7864055
7864825
7865088
7866375
7867594
7868866
7869033
7870694
7872883
7873422
7875218
7877290
7880325
7880594
7880683
7880696
7881071
7881469
7883388
7883439
7883499
7883551
7883914
7884054
7885104
7889459
7889675
7891509
7892185
7894483
7895419
7897075
7898007
7898218
7899474
7899498
7900404
7900561
7902299
7902448
7902568
7902606
7903401
7903753
7905611
7905671
7905837
7906579
7907051
7907150
7908780
7909748
7910633
7910841
7911056
7911429
7912641
7912788
7912995
7913140
7914228
7914422
7915033
7915424
7915736
7916835
7916997
7917001
7918003
7918415
7920421
7920452
7920743
7920792
7921725
7925031
7925039
7926023
7927475
7929409
7932064
7933699
7933713
7933790
7934300
7935466
7935775
7937238
7937514
7942972
7943026
7943959
7944010
7944379
7945101
7946218
7947309
7951383
7951546
7952601
7954130
7954432
7955137
7955151
7956412
7956541
7956590
7956697
7957787
7957867
7958905
7963049
7963291
7963485
7963525
7965504
7968206
7969064
7969263
7969556
7970159
7971091
7974278
7974389
7975467
7975544
7976239
7978043
7979921
7980799
7981561
7981828
7983901
7984671
7985748
7986425
7987333
7987577
7989542
7991425
7996593
7996638
7999581
8003203
8004220
8004253
8004655
8006941
8007524
8007738
8009061
8010621
8011847
8012082
8012261
8012344
8012894
8013580
8013760
8014224
8015115
8015767
8016014
8016079
8017102
8018118
8018942
8019363
8025391
8025393
8026054
8029108
8029623
8029648
8031558
8031746
8031978
8032647
8032784
8035073
8036840
8038453
8038752
8039413
8043692
8044292
8044451
8044588
8045016
8046693
8046881
8047674
8048871
8048983
8050934
8051193
8052675
8054070
8054428
8057989
8058201
8058431
8058546
8058917
8059286
8061393
8061408
8061706
8063291
8063529
8067114
8071407
8071566
8072513
8072909
8074830
8074930
8075882
8076842
8076869
8076965
8077006
8077514
8078028
8079601
8080013
8080163
8080622
8081168
8082931
8084698
8084728
8084820
8086414
8087658
8088166
8088217
8088235
8088504
8089488
8090089
8090121
8090422
8090456
8090486
8090867
8091124
8091899
8092075
8093851
8093889
8094044
8095243
8096917
8097016
8097365
8098124
8098422
8098473
8099279
8100003
8100504
8102187
8102225
8102493
8102918
8103020
8103975
8104066
8107320
8107427
8107656
8108858
8109633
8109686
8110073
8111193
8111378
8113167
8114699
8116686
8116768
8117180
8117298
8118057
8121076
8121087
8122335
8123169
8123322
8124544
8125476
8126777
8127128
8128739
8128966
8129106
8129397
8129436
8131128
8131930
8131936
8133294
8138189
8138239
8139107
8139161
8139482
8141029
8144310
8144407
8146560
8146590
8147255
8147301
8148900
8160407
8162540
8162560
8163036
8164401
8167052
8167067
8167358
8167429
8168158
8169551
8171578
8171660
8172731
8173002
8174842
8176004
8179078
8180011
8181185
8182102
8183512
8192276
8192309
8196361
8199430
8203164
8205240
8208821
8212180
8213274
8214366
8216335
8217037
8217289
8218113
8219907
8219990
8221648
8221709
8221861
8221912
8222286
8222291
8222332
8222368
8222395
8223743
8223965
8224003
8227693
8228953
8232791
8232804
8235067
8242365
8242673
8242717
8245571
8247394
8247467
8247668
8248663
8248774
8249616
8250581
8250642
8250936
8251079
8252876
8253829
8253924
8256302
8257054
8257222
8257896
8260101
8260951
8261037
8261145
8261197
8261820
8262322
8262542
8265017
8266964
8267975
8270330
8272924
8275095
8275271
8277597
8277892
8277988
8278301
8278770
8280859
8283029
8283473
8283633
8284122
8284903
8286020
8286038
8286782
8286833
8289070
8289630
8289900
8289935
8291169
8291326
8291336
8291383
8291584
8292938
8293038
8293127
8293357
8293522
8294284
8294631
8294870
8296646
8296848
8297882
8297960
8298006
8298282
8302235
8303146
8303603
8303811
8303979
8304934
8305381
8305479
8305603
8306248
8306408
8307932
8307964
8307986
8312428
8314424
8315221
8315816
8316133
8317805
8319140
8320137
8320368
8320502
8321160
8322349
8322521
8324479
8324608
8324740
8324798
8325961
8326810
8327960
8329388
8329890
8330344
8332234
8332382
8332435
8332862
8333057
8336604
8336933
8337207
8337455
8337486
8338893
8340680
8341046
8341219
8343272
8345490
8346683
8346876
8351768
8353090
8354487
8354655
8355163
8355193
8356523
8358101
8359107
8360542
8364780
8364919
8365470
8367693
8370437
8370552
8370647
8370933
8371622
8371792
8372094
8372266
8373169
8373748
8374688
8375364
8375662
8375752
8375803
8376844
8377034
8377569
8377656
8378058
8379461
8379466
8381329
8383884
8384565
8384949
8386450
8387584
8387731
8388499
8389732
8390777
8390821
8391103
8392173
8392519
8393814
8396570
8396620
8397285
8397359
8397392
8397671
8398786
8398862
8399466
8402473
8404988
8405994
8406060
8406312
8406861
8407121
8408966
8408976
8409712
8410219
8410896
8410911
8410988
8411034
8411209
8413818
8413909
8418357
8420871
8422757
8422855
8423332
8423364
8423403
8423856
8426564
8426655
8427012
8428106
8429235
8429383
8429435
8431091
8431092
8431779
8431912
8432122
8433004
8434785
8434959
8435148
8436571
8437406
8440016
8441245
8443880
8446124
8446599
8447349
8447366
8447387
8448230
8451889
8453065
8453181
8453292
8454145
8456130
8456495
8456699
8456744
8456886
8457840
8461224
8461238
8461392
8462793
8462900
8463296
8466605
8467083
8468771
8470565
8471025
8471955
8472694
8474061
8474318
8477474
8478254
8479288
8479369
8480457
8480659
8480789
8481615
8482143
8482945
8483771
8484792
8488563
8489719
8489741
8489901
8491698
8491878
8493926
8495927
8497391
8498598
8501150
8502330
8505351
8505594
8505848
8510354
8512633
8515015
8515101
8515123
8515366
8515462
8515489
8517313
8517493
8518741
8518779
8518873
8519974
8520437
8520559
8520777
8524816
8526559
8526803
8527814
8528810
8528934
8530960
8531288
8531404
8531417
8532057
8532151
8533831
8534133
8534140
8535576
8535599
8535642
8537550
8538977
8539849
8542473
8543527
8543705
8544087
8544622
8546033
8546239
8547478
8547790
8549777
8555542
8556784
8559262
8559328
8560711
8561423
8561682
8561786
8563311
8563910
8566337
8566572
8567450
8568407
8568481
8570979
8571155
8571716
8571780
8572921
8572968
8574676
8574891
8575739
8577475
8577897
8579030
8582928
8583848
8583976
8584649
8585160
8585239
8585427
8587751
8588889
8591167
8591214
8591848
8592579
8594410
8598584
8600228
8600820
8602016
8602231
8605488
8605728
8617720
8617855
8617980
8618127
8618180
8618399
8620011
8620286
8622968
8623104
8623575
8624282
8624812
8627683
8627704
8627889
8629021
8632388
8632520
8633822
8634406
8634546
8634617
8634650
8635453
8638139
8638176
8643026
8645857
8646037
8646978
8647050
8647776
8649809
8650083
8651531
8651535
8651598
8652682
8653038
8653722
8654315
8655037
8655057
8657189
8659128
8661723
8664471
8664490
8664495
8664616
8665097
8666526
8666548
8668581
8669455
8670375
8670391
8670863
8670908
8670933
8672191
8673218
8676563
8677173
8677230
8677420
8678964
8681447
8681921
8682469
8682493
8683528
8683636
8684033
8684112
8684167
8684733
8684734
8685032
8685052
8687529
8688755
8688791
8689195
8689251
8690667
8690929
8694877
8695689
8699729
8699991
8700149
8701130
8701226
8702931
8703258
8704994
8705817
8705828
8708533
8709220
8709546
8711551
8711731
8712520
8712581
8712670
8713895
8714382
8714635
8714971
8715913
8716468
8717471
8723519
8732606
8735284
8736134
8736522
8737710
8738237
8738516
8742527
8742621
8742640
8744908
8745724
8745732
8745813
8746037
8746058
8746151
8746497
8748627
8748815
8753098
8753109
8754344
8755473
8755761
8755813
8757299
8757344
8758624
8761697
8762326
8765664
8766236
8767239
8767564
8772088
8772223
8772539
8772815
8772956
8774169
8775605
8776547
8777069
8778370
8780471
8783256
8783668
8783781
8785412
8786732
8787684
8788109
8792214
8793762
8794925
8795028
8795584
8795615
8795981
8796596
8796603
8796815
8797891
8799135
8799181
8799254
8799452
8799817
8799955
8801755
8801792
8801870
8802218
8802335
8803429
8803616
8804904
8804974
8807501
8810297
8810660
8810787
8811153
8811815
8812680
8814237
8814803
8815599
8819632
8819934
8821105
8821308
8821967
8823924
8824612
8824899
8824940
8824979
8825261
8825274
8827900
8828222
8828771
8829129
8831257
8832493
8832527
8832542
8833708
8833907
8836054
8836842
8836907
8838875
8839488
8840523
8840825
8843273
8844053
8844940
8850852
8853299
8853336
8857130
8857754
8858143
8858550
8859164
8859209
8860483
8861325
8861522
8863157
8863354
8863406
8863428
8864048
8864221
8864522
8865625
8865759
8867944
8869570
8872774
8873354
8874682
8874894
8875526
8876337
8878429
8878579
8879000
8879017
8879103
8879220
8879254
8883458
8884392
8884703
8886086
8886149
8887495
8890059
8890777
8890829
8893330
8893490
8894088
8898591
8898751
8900227
8900726
8900993
8901274
8901284
8901459
8904780
8909536
8909613
8910484
8912108
8912209
8912359
8912825
8913855
8915257
8916319
8916651
8916884
8917878
8918776
8921404
8922004
8923780
8923789
8924489
8924546
8925101
8925993
8926064
8926165
8927128
8929604
8929622
8931340
8931366
8931447
8931493
8931826
8931827
8934653
8934695
8935645
8936916
8937129
8937402
8938385
8938798
8939689
8939715
8940117
8941026
8942198
8942268
8944582
8944722
8944986
8945632
8945705
8947300
8947538
8947669
8947671
8948073
8951332
8952945
8952992
8955195
8955237
8957619
8957750
8958443
8958613
8960843
8961043
8961226
8962527
8962639
8962667
8963314
8963432
8963697
8965490
8966725
8967198
8967393
8967749
8968553
8969756
8970173
8970225
8970230
8971122
8971642
8971736
8972531
8972574
8972731
8972789
8973220
8974740
8974754
8976213
8977527
8977715
8978591
8980478
8981589
8981767
8981907
8981949
8983190
8983408
8984863
8984955
8985148
8985161
8985407
8985976
8986761
8987049
8987096
8989738
8990000
8990852
8990995
8991881
8992016
8992529
8993496
8994857
8995530
8996912
8997207
8998103
9001370
9001502
9001506
9001559
9001641
9003398
9007254
9010000
9011541
9012149
9013480
9013806
9014655
9014681
9016033
9018164
9018567
9022851
9022887
9023032
9024189
9024409
9025261
9026677
9026901
9028024
9028470
9029378
9030160
9030587
9031804
9031929
9032945
9032984
9033887
9033896
9034205
9035919
9036769
9037192
9037433
9037435
9037645
9038000
9038173
9042345
9042461
9042554
9042743
9042809
9042868
9045637
9045783
9046967
9048787
9048820
9052324
9054833
9056477
9056660
9058185
9058318
9058353
9061688
9064212
9064281
9064375
9067195
9069503
9069634
9072304
9077214
9077248
9077427
9077538
9077578
9077616
9077628
9078517
9078957
9079709
9080420
9081096
9081367
9082525
9083516
9084742
9084915
9085052
9086988
9087060
9087269
9087413
9087752
9088201
9089666
9090755
9091311
9091365
9091497
9094461
9094644
9094831
9095850
9096283
9098268
9098360
9098626
9098630
9099345
9100836
9100878
9101135
9105384
9108149
9108279
9109780
9111437
9112904
9113623
9116975
9119112
9120745
9121424
9122422
9122718
9122813
9122908
9124229
9124341
9124816
9126356
9127151
9127235
9128319
9128802
9129261
9131407
9131489
9132999
9134506
9140991
9148244
9150494
9155379
9156834
9158518
9159997
9160851
9162665
9164271
9164578
9164645
9168708
9168941
9170148
9171563
9171665
9171702
9172162
9172469
9173360
9175409
9175500
9175609
9175917
9178137
9178192
9178298
9178409
9178595
9178607
9179529
9179797
9179953
9180117
9181495
9181942
9182648
9183430
9184709
9189322
9190673
9191135
9192603
9192641
9192890
9192936
9195361
9197517
9197577
9197708
9197912
9200199
9200212
9203243
9204091
9204237
9204862
9206644
9206934
9206970
9207030
9207103
9208399
9208851
9208918
9208991
9209797
9210153
9210315
9212225
9215097
9215833
9216888
9219693
9220127
9221020
9221119
9221278
9222703
9224564
9225051
9225095
9225195
9225253
9228937
9229926
9231851
9232380
9232633
9232644
9233012
9235698
9237544
9238066
9238249
9239214
9239358
9239587
9241717
9242229
9242249
9243246
9243451
9247978
9249552
9249753
9249888
9251022
9253218
9253272
9254389
9254429
9255938
9259266
9259625
9260600
9260774
9260798
9260853
9261884
9262023
9262052
9264198
9264220
9266413
9266662
9267729
9267812
9267857
9267982
9270158
9270704
9270744
9271762
9273530
9274193
9274286
9275626
9275826
9276151
9276213
9276772
9277173
9277229
9278808
9279782
9279998
9280915
9281051
9282474
9283521
9283663
9283695
9285018
9286271
9286317
9287200
9290919
9292445
9292608
9292846
9293726
9293808
9294154
9294333
9294927
9296516
9296861
9297041
9297391
9297447
9298249
9298284
9298581
9299504
9300484
9301055
9302027
9302147
9302464
9305624
9307915
9309119
9311505
9314647
9316208
9316385
9316757
9318865
9318896
9319200
9320320
9320704
9321570
9322580
9324818
9326675
9326694
9326705
9327279
9330131
9331590
9335689
9335769
9336599
9337077
9337165
9337457
9337530
9337583
9337612
9337840
9337991
9338449
9339658
9339955
9340288
9343047
9344957
9345050
9345060
9345892
9348908
9350427
9350469
9350668
9350710
9351043
9352263
9353068
9353600
9353723
9356210
9358952
9359036
9359721
9359943
9360710
9362259
9363946
9365157
9365398
9365766
9365959
9366855
9367629
9369154
9369916
9369939
9370375
9372409
9374273
9374336
9377694
9379184
9379612
9379985
9380991
9382715
9389629
9390294
9392249
9394363
9394692
9394766
9398227
9400225
9400682
9400714
9401849
9402063
9403554
9403692
9404281
9407591
9408418
9408813
9411040
9411300
9412590
9414127
9414430
9414705
9415367
9415647
9417456
9419005
9419284
9422047
9422146
9423366
9429501
9430066
9430871
9434136
9435652
9436256
9436346
9437356
9437827
9439147
9443308
9446340
9447886
9449347
9449395
9449522
9450648
9450751
9453834
9455063
9456651
9460822
9462222
9463437
9463960
9467250
9469250
9469565
9469628
9473605
9473862
9474673
9474874
9474893
9475174
9475938
9476908
9477022
9477453
9477526
9478827
9480457
9482075
9482588
9484194
9484675
9486104
9487271
9489349
9489501
9490262
9490732
9491882
9493497
9494676
9495595
9495650
9495670
9497338
9497696
9500025
9501005
9501091
9502295
9502313
9504550
9504669
9508560
9509535
9509582
9509731
9509952
9510416
9517053
9517104
9517204
9517355
9517571
9517672
9518043
9518851
9519309
9519792
9521796
9522290
9522624
9524466
9525084
9525710
9525983
9525984
9526437
9528074
9528222
9528233
9530959
9531077
9531768
9532115
9532212
9532946
9536005
9536079
9537397
9537887
9539271
9543091
9544693
9546909
9548675
9551500
9551534
9553045
9554567
9554870
9555315
9555542
9556970
9557149
9557157
9559952
9561622
9562617
9562786
9563180
9564424
9566761
9567624
9570974
9573495
9576090
9576303
9577798
9577890
9577960
9578018
9579666
9582239
9584211
9585845
9586366
9587626
9587705
9589230
9590556
9591355
9593071
9595058
9600958
9601468
9601715
9602263
9602549
9603697
9603726
9604652
9604842
9604859
9605036
9605084
9606204
9606282
9610398
9612113
9612342
9614467
9615043
9617213
9617604
9619194
9620234
9621372
9621544
9625243
9626379
9626609
9626808
9627118
9628036
9630076
9631709
9632723
9634031
9634823
9635025
9636611
9636612
9636630
9637859
9640399
9642742
9643202
9645195
9646288
9647575
9647694
9647726
9648850
9648961
9650042
9650078
9652149
9652709
9653708
9654136
9654886
9655755
9655837
9655903
9655958
9656772
9656913
9657422
9657652
9658050
9658464
9658479
9658775
9659801
9660526
9661904
9664881
9665715
9666251
9669865
9669915
9670057
9671669
9672110
9672314
9672595
9672678
9674425
9675723
9675757
9675937
9681669
9681687
9682064
9682424
9684109
9684351
9685192
9685270
9685507
9685622
9686766
9686858
9688199
9689086
9690043
9691896
9691986
9695559
9696779
9697110
9697368
9698971
9701328
9701871
9703722
9705330
9705368
9706316
9706596
9706633
9707798
9709218
9710535
9710675
9711760
9713215
9715595
9715763
9715852
9715895
9715933
9716716
9716772
9717089
9718188
9718728
9720770
9720786
9721017
9721176
9722203
9722560
9722621
9722710
9722771
9723101
9723801
9723870
9726297
9726815
9726981
9727155
9728832
9728834
9733494
9734044
9734093
9734609
9734657
9734666
9734932
9739244
9739303
9740053
9742374
9743426
9744274
9744507
9746478
9746480
9747785
9747932
9748698
9748706
9749834
9750491
9751597
9751973
9752403
9752959
9753949
9754596
9755740
9755914
9756006
9757430
9762357
9763936
9764176
9764435
9765909
9766713
9766808
9766833
9766904
9768649
9768674
9769199
9770028
9770332
9771146
9771175
9772904
9773427
9773982
9774468
9775660
9775713
9775719
9778562
9779396
9779708
9780205
9781491
9781642
9784534
9785590
9785664
9787797
9789659
9789775
9792121
9792184
9792212
9792782
9792960
9795427
9796582
9797400
9798818
9798985
9799011
9799370
9799796
9800664
9801190
9801309
9801388
9801412
9801544
9801607
9803111
9803341
9803427
9803820
9804372
9804438
9804447
9804479
9804839
9805283
9805378
9808690
9809833
9809933
9810251
9810320
9810325
9810787
9811887
9812007
9812238
9813948
9815126
9815236
9816509
9818779
9821191
9821397
9822484
9826801
9827894
9829130
9830357
9833768
9834123
9835468
9838667
9840695
9840825
9841782
9842842
9844540
9844617
9846375
9846525
9846814
9847093
9847350
9847515
9848561
9849653
9849739
9850499
9850619
9851836
9855328
9855338
9855811
9857298
9857470
9859215
9860583
9860631
9860807
9862543
9864004
9864046
9864251
9865593
9865754
9867163
9867302
9867339
9869336
9869529
9869539
9870334
9870431
9870493
9870735
9871126
9871669
9871865
9874193
9876597
9876762
9878014
9879060
9881311
9881627
9881938
9882607
9884948
9886271
9887068
9887741
9887839
9888826
9888887
9889948
9890150
9891066
9891570
9891668
9891789
9893991
9894144
9894167
9896124
9896670
9899276
9901960
9905381
9905518
9905543
9905564
9907881
9908521
9909551
9912937
9913753
9913780
9914364
9915615
9916859
9917748
9917779
9917808
9921611
9921769
9924992
9925105
9925410
9930011
9931030
9931378
9932174
9932272
9932551
9933646
9936926
9937556
9937995
9938082
9939119
9939714
9942080
9943026
9943795
9944265
9945006
9945306
9946449
9948963
9948996
9949230
9949444
9950924
9950966
9951577
9951877
9952048
9954257
9955721
9957004
9957051
9958499
9959255
9960844
9961140
9967046
9967167
9967214
9967808
9968234
9968330
9968335
9969738
9969901
9972911
9974820
9976183
9979262
9980210
9981302
9981644
9983267
9983569
9984300
9984336
9985525
9986218
9986358
9986547
9987248
9987791
9988286
9988424
9988438
9988527
9988726
9988809
9989788
9991178
9991184
9992686
9993139
9993184
9993242
9994329
9995140
9995260
9996766
9996786
9999233
